1.000000
1.000000
1.000000
1.000000
1.000000
1.000000
1.000000
1.000000
1.000000
1.000000
1.000000
1.000000
1.000000
1.000000
1.000000
1.000000
1.000000
1.000000
1.000000
1.000000
1.000000
1.000000
1.000000
1.000000
1.000000
1.000000
1.000000
1.000000
1.000000
1.000000
1.000000
1.000000
1.000000
1.000000
1.000000
1.000000
1.000000
1.000000
1.000000
0.500000
1.000000
1.000000
1.000000
1.000000
1.000000
1.000000
0.200000
1.000000
1.000000
1.000000
1.000000
0.500000
1.000000
1.000000
1.000000
1.000000
1.000000
1.000000
1.000000
0.076923
1.000000
1.000000
1.000000
1.000000
1.000000
1.000000
1.000000
1.000000
1.000000
1.000000
1.000000
1.000000
1.000000
1.000000
1.000000
1.000000
1.000000
0.250000
1.000000
1.000000
1.000000
1.000000
1.000000
1.000000
1.000000
1.000000
1.000000
1.000000
1.000000
1.000000
1.000000
1.000000
1.000000
1.000000
1.000000
1.000000
1.000000
0.076923
1.000000
0.111111
0.200000
0.022727
0.111111
0.333333
0.142857
0.018868
1.000000
1.000000
0.030303
0.058824
0.015385
0.021277
0.200000
0.500000
0.020000
0.022222
0.018868
0.033333
0.250000
0.100000
1.000000
0.250000
1.000000
1.000000
1.000000
1.000000
1.000000
1.000000
